kMenuTerrain 0.343750 0.625000 0.406250 0.656250
kMenuTerrainOff 0.656250 0.656250 0.718750 0.687500
kMenuTerrainOn1 0.718750 0.656250 0.781250 0.687500
kMenuTerrainOn2 0.843750 0.636719 0.906250 0.667969
kMenuTerrainOn3 0.906250 0.636719 0.968750 0.667969
kMenuWater 0.750000 0.507812 0.812500 0.539062
kMenuWaterOff 0.656250 0.656250 0.718750 0.687500
kMenuWaterOn1 0.718750 0.656250 0.781250 0.687500
kMenuWaterOn2 0.843750 0.636719 0.906250 0.667969
kMenuWaterOn3 0.906250 0.636719 0.968750 0.667969
kMenuRoads 0.000000 0.554688 0.062500 0.585938
kMenuRoadsOff 0.656250 0.656250 0.718750 0.687500
kMenuRoadsOn1 0.718750 0.656250 0.781250 0.687500
kMenuRoadsOn2 0.843750 0.636719 0.906250 0.667969
kMenuRoadsOn3 0.906250 0.636719 0.968750 0.667969
kMenuFences 0.906250 0.605469 0.968750 0.636719
kMenuFencesOff 0.656250 0.656250 0.718750 0.687500
kMenuFencesOn1 0.718750 0.656250 0.781250 0.687500
kMenuFencesOn2 0.843750 0.636719 0.906250 0.667969
kMenuFencesOn3 0.906250 0.636719 0.968750 0.667969
kMenuPlacement 0.875000 0.511719 0.937500 0.542969
kMenuPlacementOff 0.656250 0.656250 0.718750 0.687500
kMenuPlacementOn1 0.718750 0.656250 0.781250 0.687500
kMenuPlacementOn2 0.843750 0.636719 0.906250 0.667969
kMenuPlacementOn3 0.906250 0.636719 0.968750 0.667969
kMenuObjects 0.312500 0.593750 0.375000 0.625000
kMenuObjectsOff 0.656250 0.656250 0.718750 0.687500
kMenuObjectsOn1 0.718750 0.656250 0.781250 0.687500
kMenuObjectsOn2 0.843750 0.636719 0.906250 0.667969
kMenuObjectsOn3 0.906250 0.636719 0.968750 0.667969
kMenuBiomes 0.218750 0.632812 0.281250 0.664062
kMenuBiomesOff 0.656250 0.656250 0.718750 0.687500
kMenuBiomesOn1 0.718750 0.656250 0.781250 0.687500
kMenuBiomesOn2 0.843750 0.636719 0.906250 0.667969
kMenuBiomesOn3 0.906250 0.636719 0.968750 0.667969
kMenuTiles 0.687500 0.593750 0.750000 0.625000
kMenuTilesOff 0.656250 0.656250 0.718750 0.687500
kMenuTilesOn1 0.718750 0.656250 0.781250 0.687500
kMenuTilesOn2 0.843750 0.636719 0.906250 0.667969
kMenuTilesOn3 0.906250 0.636719 0.968750 0.667969
kMenuPlayer 0.312500 0.593750 0.375000 0.625000
kMenuPlayerOff 0.656250 0.656250 0.718750 0.687500
kMenuPlayerOn1 0.718750 0.656250 0.781250 0.687500
kMenuPlayerOn2 0.843750 0.636719 0.906250 0.667969
kMenuPlayerOn3 0.906250 0.636719 0.968750 0.667969
kMenuShaderWirebound 0.375000 0.500000 0.437500 0.531250
kMenuShadersOff 0.656250 0.656250 0.718750 0.687500
kMenuShadersOn1 0.718750 0.656250 0.781250 0.687500
kMenuShadersOn2 0.843750 0.636719 0.906250 0.667969
kMenuShadersOn3 0.906250 0.636719 0.968750 0.667969
kMenuDesk 0.250000 0.726562 0.406250 0.804688
kMenuDeskPinBack 0.062500 0.562500 0.125000 0.593750
kMenuDeskPinPoint 0.250000 0.562500 0.312500 0.593750
kMenuArrowSelect 0.273438 0.429688 0.296875 0.500000
kMenuArrowSelected 0.398438 0.414062 0.414062 0.500000
kMenuSave 0.125000 0.539062 0.187500 0.570312
kMenuLoad 0.625000 0.593750 0.687500 0.625000
kModeModeText 0.000000 0.000000 1.000000 1.000000
kPressedKey 0.812500 0.496094 0.859375 0.511719
kSettingsDesk 0.656250 0.687500 0.781250 0.750000
kSettingsDeskPinBack 0.062500 0.562500 0.125000 0.593750
kSettingsDeskPinPoint 0.250000 0.562500 0.312500 0.593750
kSettingsResolutionLabel 0.000000 0.000000 1.000000 1.000000
kSettingsResolutionLeft 0.718750 0.625000 0.781250 0.656250
kSettingsResolutionRight 0.125000 0.507812 0.187500 0.539062
kSettingsResolution 0.562500 0.562500 0.625000 0.593750
kSettingsFullScreenOff 0.656250 0.656250 0.718750 0.687500
kSettingsFullScreenOn1 0.718750 0.656250 0.781250 0.687500
kSettingsFullScreenOn2 0.843750 0.636719 0.906250 0.667969
kSettingsFullScreenOn3 0.906250 0.636719 0.968750 0.667969
kSettingsSensitivityArea 0.781250 0.718750 0.906250 0.734375
kSettingsSensitivityHandle 0.906250 0.574219 0.968750 0.605469
kSettingsSoundArea 0.781250 0.718750 0.906250 0.734375
kSettingsSoundHandle 0.625000 0.531250 0.687500 0.562500
kSettingsSoundOff 0.656250 0.656250 0.718750 0.687500
kSettingsSoundOn1 0.718750 0.656250 0.781250 0.687500
kSettingsSoundOn2 0.843750 0.636719 0.906250 0.667969
kSettingsSoundOn3 0.906250 0.636719 0.968750 0.667969
kSettingsMusicArea 0.781250 0.718750 0.906250 0.734375
kSettingsMusicHandle 0.125000 0.570312 0.187500 0.601562
kSettingsMusicOff 0.656250 0.656250 0.718750 0.687500
kSettingsMusicOn1 0.718750 0.656250 0.781250 0.687500
kSettingsMusicOn2 0.843750 0.636719 0.906250 0.667969
kSettingsMusicOn3 0.906250 0.636719 0.968750 0.667969
kSettingsTipInfoLabel 0.000000 0.000000 1.000000 1.000000
kSettingsTipInfo 0.500000 0.562500 0.562500 0.593750
kSettingsTipInfoOff 0.656250 0.656250 0.718750 0.687500
kSettingsTipInfoOn1 0.718750 0.656250 0.781250 0.687500
kSettingsTipInfoOn2 0.843750 0.636719 0.906250 0.667969
kSettingsTipInfoOn3 0.906250 0.636719 0.968750 0.667969
kModeTextBack 0.156250 0.695312 0.234375 0.710938
kModeTextLabel 0.000000 0.000000 1.000000 1.000000
kTerrainTerrainMode 0.343750 0.625000 0.406250 0.656250
kTerrainUpdate 0.125000 0.539062 0.187500 0.570312
kTerrainFlatten 0.937500 0.542969 1.000000 0.574219
kTerrainFlattenOff 0.656250 0.656250 0.718750 0.687500
kTerrainFlattenOn1 0.718750 0.656250 0.781250 0.687500
kTerrainFlattenOn2 0.843750 0.636719 0.906250 0.667969
kTerrainFlattenOn3 0.906250 0.636719 0.968750 0.667969
kTerrainFalloffFill 0.437500 0.445312 0.468750 0.507812
kTerrainFalloffBack 0.218750 0.445312 0.250000 0.507812
kTerrainFalloffIcon 0.843750 0.605469 0.906250 0.636719
kTerrainBake 0.156250 0.664062 0.218750 0.695312
kTerrainReset 0.484375 0.476562 0.531250 0.515625
kTerrainBakeDesk 0.000000 0.812500 0.500000 1.000000
kTerrainBakeDeskPinBack 0.062500 0.562500 0.125000 0.593750
kTerrainBakeDeskPinPoint 0.250000 0.562500 0.312500 0.593750
kTerrainBakeAccept 0.890625 0.667969 0.953125 0.699219
kTerrainBakeErosionStepLabel 0.000000 0.000000 1.000000 1.000000
kTerrainBakeErosionStepInputText 0.000000 0.000000 1.000000 1.000000
kTerrainBakeErosionStepInputBack 0.562500 0.500000 0.593750 0.507812
kTerrainBakeWeatheringStepLabel 0.000000 0.000000 1.000000 1.000000
kTerrainBakeWeatheringStepInputText 0.000000 0.000000 1.000000 1.000000
kTerrainBakeWeatheringStepInputBack 0.562500 0.500000 0.593750 0.507812
kTerrainBakeHmap 0.000000 0.000000 1.000000 1.000000
kTerrainBakeHmapName 0.000000 0.000000 1.000000 1.000000
kTerrainEditDesk 0.000000 0.812500 0.500000 1.000000
kTerrainEditDeskPinBack 0.062500 0.562500 0.125000 0.593750
kTerrainEditDeskPinPoint 0.250000 0.562500 0.312500 0.593750
kTerrainEditAccept 0.890625 0.667969 0.953125 0.699219
kTerrainEditName 0.000000 0.000000 1.000000 1.000000
kTerrainEditNameBack 0.562500 0.539062 0.625000 0.546875
kTerrainColorPaletteHS 0.062500 0.625000 0.125000 0.656250
kTerrainColorPaletteB 0.000000 0.648438 0.062500 0.656250
kTerrainColorIndicator 0.906250 0.746094 1.000000 0.750000
kTerrainColorBrightnessCursor 0.429688 0.496094 0.437500 0.500000
kTerrainColorColorCursor 0.429688 0.496094 0.437500 0.500000
kTerrainEditHeightmap 0.000000 0.000000 1.000000 1.000000
kTerrainEditRandomGeneration 0.437500 0.507812 0.484375 0.531250
kTerrainEditLabelInvert 0.000000 0.000000 1.000000 1.000000
kTerrainEditLabelTiling 0.000000 0.000000 1.000000 1.000000
kTerrainEditLabelStrength 0.000000 0.000000 1.000000 1.000000
kTerrainEditTranslateLabel 0.000000 0.000000 1.000000 1.000000
kTerrainEditTranslateXText 0.000000 0.000000 1.000000 1.000000
kTerrainEditTranslateXTextSlot 0.562500 0.500000 0.593750 0.507812
kTerrainEditTranslateYText 0.000000 0.000000 1.000000 1.000000
kTerrainEditTranslateYTextSlot 0.562500 0.500000 0.593750 0.507812
kTerrainEditTranslateZText 0.000000 0.000000 1.000000 1.000000
kTerrainEditTranslateZTextSlot 0.562500 0.500000 0.593750 0.507812
kTerrainEditScaleLabel 0.000000 0.000000 1.000000 1.000000
kTerrainEditScaleXText 0.000000 0.000000 1.000000 1.000000
kTerrainEditScaleXTextSlot 0.562500 0.500000 0.593750 0.507812
kTerrainEditScaleYText 0.000000 0.000000 1.000000 1.000000
kTerrainEditScaleYTextSlot 0.562500 0.500000 0.593750 0.507812
kTerrainEditScaleZText 0.000000 0.000000 1.000000 1.000000
kTerrainEditScaleZTextSlot 0.562500 0.500000 0.593750 0.507812
kTerrainEditRotateLabel 0.000000 0.000000 1.000000 1.000000
kTerrainEditRotateXText 0.000000 0.000000 1.000000 1.000000
kTerrainEditRotateXTextSlot 0.562500 0.500000 0.593750 0.507812
kTerrainEditRotateYText 0.000000 0.000000 1.000000 1.000000
kTerrainEditRotateYTextSlot 0.562500 0.500000 0.593750 0.507812
kTerrainEditRotateZText 0.000000 0.000000 1.000000 1.000000
kTerrainEditRotateZTextSlot 0.562500 0.500000 0.593750 0.507812
kTerrainEditNoiseConfig 0.781250 0.601562 0.843750 0.632812
kTerrainEditNoiseName 0.000000 0.000000 1.000000 1.000000
kTerrainEditNoiseInvertOff 0.656250 0.656250 0.718750 0.687500
kTerrainEditNoiseInvertOn1 0.718750 0.656250 0.781250 0.687500
kTerrainEditNoiseInvertOn2 0.843750 0.636719 0.906250 0.667969
kTerrainEditNoiseInvertOn3 0.906250 0.636719 0.968750 0.667969
kTerrainEditNoiseTilingOff 0.656250 0.656250 0.718750 0.687500
kTerrainEditNoiseTilingOn1 0.718750 0.656250 0.781250 0.687500
kTerrainEditNoiseTilingOn2 0.843750 0.636719 0.906250 0.667969
kTerrainEditNoiseTilingOn3 0.906250 0.636719 0.968750 0.667969
kTerrainEditNoiseStrengthArea 0.781250 0.718750 0.906250 0.734375
kTerrainEditNoiseStrengthIcon 0.187500 0.492188 0.218750 0.507812
kTerrainEditNoiseHmap 0.000000 0.000000 1.000000 1.000000
kWaterWaterMode 0.750000 0.507812 0.812500 0.539062
kWaterUpdate 0.125000 0.539062 0.187500 0.570312
kWaterOcean 0.750000 0.507812 0.812500 0.539062
kWaterRiver 0.062500 0.500000 0.125000 0.531250
kWaterSelected 0.062500 0.593750 0.125000 0.625000
kWaterEditDesk 0.000000 0.812500 0.500000 1.000000
kWaterEditDeskPinBack 0.062500 0.562500 0.125000 0.593750
kWaterEditDeskPinPoint 0.250000 0.562500 0.312500 0.593750
kWaterEditAccept 0.890625 0.667969 0.953125 0.699219
kWaterEditName 0.000000 0.000000 1.000000 1.000000
kWaterEditNameBack 0.562500 0.539062 0.625000 0.546875
kWaterColorPaletteHS 0.062500 0.625000 0.125000 0.656250
kWaterColorPaletteB 0.000000 0.648438 0.062500 0.656250
kWaterColorIndicator 0.906250 0.746094 1.000000 0.750000
kWaterColorBrightnessCursor 0.429688 0.496094 0.437500 0.500000
kWaterColorColorCursor 0.429688 0.496094 0.437500 0.500000
kWaterEditRandomGeneration 0.437500 0.507812 0.484375 0.531250
kWaterEditRiverViscosityText 0.000000 0.000000 1.000000 1.000000
kWaterEditRiverViscosityArea 0.781250 0.718750 0.906250 0.734375
kWaterEditRiverViscosityIcon 0.187500 0.492188 0.218750 0.507812
kWaterEditRiverTransparencyText 0.000000 0.000000 1.000000 1.000000
kWaterEditRiverTransparencyArea 0.781250 0.718750 0.906250 0.734375
kWaterEditRiverTransparencyIcon 0.187500 0.492188 0.218750 0.507812
kWaterEditOceanVisibleOff 0.656250 0.656250 0.718750 0.687500
kWaterEditOceanVisibleOn1 0.718750 0.656250 0.781250 0.687500
kWaterEditOceanVisibleOn2 0.843750 0.636719 0.906250 0.667969
kWaterEditOceanVisibleOn3 0.906250 0.636719 0.968750 0.667969
kWaterEditOceanConfig 0.781250 0.601562 0.843750 0.632812
kWaterEditOceanLayerName 0.000000 0.000000 1.000000 1.000000
kPlacementPlacementMode 0.875000 0.511719 0.937500 0.542969
kPlacementTrees 0.875000 0.511719 0.937500 0.542969
kPlacementTreesOff 0.656250 0.656250 0.718750 0.687500
kPlacementTreesOn1 0.718750 0.656250 0.781250 0.687500
kPlacementTreesOn2 0.843750 0.636719 0.906250 0.667969
kPlacementTreesOn3 0.906250 0.636719 0.968750 0.667969
kPlacementBushes 0.218750 0.664062 0.281250 0.695312
kPlacementBushesOff 0.656250 0.656250 0.718750 0.687500
kPlacementBushesOn1 0.718750 0.656250 0.781250 0.687500
kPlacementBushesOn2 0.843750 0.636719 0.906250 0.667969
kPlacementBushesOn3 0.906250 0.636719 0.968750 0.667969
kPlacementTallGrass 0.250000 0.593750 0.312500 0.625000
kPlacementTallGrassOff 0.656250 0.656250 0.718750 0.687500
kPlacementTallGrassOn1 0.718750 0.656250 0.781250 0.687500
kPlacementTallGrassOn2 0.843750 0.636719 0.906250 0.667969
kPlacementTallGrassOn3 0.906250 0.636719 0.968750 0.667969
kPlacementUndergrowth 0.937500 0.511719 1.000000 0.542969
kPlacementUndergrowthOff 0.656250 0.656250 0.718750 0.687500
kPlacementUndergrowthOn1 0.718750 0.656250 0.781250 0.687500
kPlacementUndergrowthOn2 0.843750 0.636719 0.906250 0.667969
kPlacementUndergrowthOn3 0.906250 0.636719 0.968750 0.667969
kPlacementAsphalt 0.000000 0.554688 0.062500 0.585938
kPlacementAsphaltOff 0.656250 0.656250 0.718750 0.687500
kPlacementAsphaltOn1 0.718750 0.656250 0.781250 0.687500
kPlacementAsphaltOn2 0.843750 0.636719 0.906250 0.667969
kPlacementAsphaltOn3 0.906250 0.636719 0.968750 0.667969
kPlacemenGravel 0.812500 0.542969 0.875000 0.574219
kPlacementGravelOff 0.656250 0.656250 0.718750 0.687500
kPlacementGravelOn1 0.718750 0.656250 0.781250 0.687500
kPlacementGravelOn2 0.843750 0.636719 0.906250 0.667969
kPlacementGravelOn3 0.906250 0.636719 0.968750 0.667969
kPlacementSoil 0.875000 0.542969 0.937500 0.574219
kPlacementSoilOff 0.656250 0.656250 0.718750 0.687500
kPlacementSoilOn1 0.718750 0.656250 0.781250 0.687500
kPlacementSoilOn2 0.843750 0.636719 0.906250 0.667969
kPlacementSoilOn3 0.906250 0.636719 0.968750 0.667969
kPlacementSelected 0.062500 0.593750 0.125000 0.625000
kPlacementChangeMode 0.187500 0.507812 0.250000 0.539062
kPlacementDrawOff 0.656250 0.656250 0.718750 0.687500
kPlacementDrawOn1 0.718750 0.656250 0.781250 0.687500
kPlacementDrawOn2 0.843750 0.636719 0.906250 0.667969
kPlacementDrawOn3 0.906250 0.636719 0.968750 0.667969
kObjectsObjectsMode 0.312500 0.593750 0.375000 0.625000
kObjectsEditDesk 0.000000 0.812500 0.500000 1.000000
kObjectsEditDeskPinBack 0.062500 0.562500 0.125000 0.593750
kObjectsEditDeskPinPoint 0.250000 0.562500 0.312500 0.593750
kObjectsEditAccept 0.890625 0.667969 0.953125 0.699219
kObjectsEditName 0.000000 0.000000 1.000000 1.000000
kObjectsEditNameBack 0.562500 0.539062 0.625000 0.546875
kObjectsEditRandomGeneration 0.437500 0.507812 0.484375 0.531250
kObjectsEditModelName 0.000000 0.000000 1.000000 1.000000
kObjectsEditCharacteristicArea 0.781250 0.718750 0.906250 0.734375
kObjectsEditCharacteristicIcon 0.187500 0.492188 0.218750 0.507812
kBiomesBiomesMode 0.218750 0.632812 0.281250 0.664062
kBiomesBiomePoint 0.468750 0.468750 0.484375 0.500000
kBiomesEditDesk 0.000000 0.812500 0.500000 1.000000
kBiomesEditDeskPinBack 0.062500 0.562500 0.125000 0.593750
kBiomesEditDeskPinPoint 0.250000 0.562500 0.312500 0.593750
kBiomesEditAccept 0.890625 0.667969 0.953125 0.699219
kBiomesEditName 0.000000 0.000000 1.000000 1.000000
kBiomesEditNameBack 0.562500 0.539062 0.625000 0.546875
kBiomesColorPaletteHS 0.062500 0.625000 0.125000 0.656250
kBiomesColorPaletteB 0.000000 0.648438 0.062500 0.656250
kBiomesColorIndicator 0.906250 0.746094 1.000000 0.750000
kBiomesColorBrightnessCursor 0.429688 0.496094 0.437500 0.500000
kBiomesColorColorCursor 0.429688 0.496094 0.437500 0.500000
kBiomesEditRandomGeneration 0.437500 0.507812 0.484375 0.531250
kBiomesEditNoiseName 0.000000 0.000000 1.000000 1.000000
kBiomesEditNoiseStrengthArea 0.781250 0.718750 0.906250 0.734375
kBiomesEditNoiseStrengthIcon 0.187500 0.492188 0.218750 0.507812
kTilesTilesMode 0.687500 0.593750 0.750000 0.625000
kTilesLeft 0.562500 0.593750 0.625000 0.625000
kTilesRight 0.625000 0.562500 0.687500 0.593750
kTilesUp 0.125000 0.507812 0.187500 0.539062
kTilesDown 0.718750 0.625000 0.781250 0.656250
kTilesCreate 0.375000 0.562500 0.437500 0.593750
kTilesRemove 0.843750 0.574219 0.906250 0.605469
kPlayerPlayerMode 0.312500 0.593750 0.375000 0.625000
kPlayerHealthPoint 0.734375 0.492188 0.742188 0.500000
kPlayerStaminaPoint 0.414062 0.492188 0.429688 0.500000
kPlayerGameObjInfoDesk 0.656250 0.687500 0.781250 0.750000
kPlayerGameObjInfoPinBack 0.062500 0.562500 0.125000 0.593750
kPlayerGameObjInfoPinPoint 0.250000 0.562500 0.312500 0.593750
kPlayerGameObjInfoEnemy 0.671875 0.507812 0.718750 0.531250
kPlayerGameObjInfoFriend 0.625000 0.507812 0.671875 0.531250
kPlayerGameObjInfoNeutal 0.000000 0.500000 0.046875 0.523438
kPlayerGameObjInfoObstacle 0.718750 0.500000 0.750000 0.515625
kPlayerGameObjInfoName 0.000000 0.000000 1.000000 1.000000
kPlayerGameObjInfoCharacteristic 0.000000 0.000000 1.000000 1.000000
kPlayerGameObjInfoValue 0.000000 0.000000 1.000000 1.000000
kPlayerPhone 0.406250 0.625000 0.531250 0.750000
kPlayerPhoneMap 0.531250 0.625000 0.656250 0.750000
kPlayerMapPlayer 0.250000 0.488281 0.273438 0.500000
kPlayerMapEnemy 0.671875 0.507812 0.718750 0.531250
kPlayerMapFriend 0.625000 0.507812 0.671875 0.531250
kPlayerMapNeutral 0.000000 0.500000 0.046875 0.523438
kPlayerMapObstacle 0.718750 0.500000 0.750000 0.515625
kConfigWindowName 0.000000 0.000000 1.000000 1.000000
kConfigWindowDesk 0.500000 0.937500 0.750000 1.000000
kConfigWindowPinBack 0.062500 0.562500 0.125000 0.593750
kConfigWindowPinPoint 0.250000 0.562500 0.312500 0.593750
kConfigWindowHandler 0.562500 0.484375 0.578125 0.500000
kConfigWindowSlider 0.656250 0.445312 0.687500 0.507812
kConfigWindowSave 0.125000 0.539062 0.187500 0.570312
kConfigWindowSliderText 0.000000 0.000000 1.000000 1.000000
kConfigWindowSliderArea 0.781250 0.718750 0.906250 0.734375
kConfigWindowSliderIcon 0.187500 0.492188 0.218750 0.507812
kSlotsName 0.000000 0.000000 1.000000 1.000000
kSlotsConfig 0.781250 0.601562 0.843750 0.632812
kSlotsVisibleOff 0.656250 0.656250 0.718750 0.687500
kSlotsVisibleOn1 0.718750 0.656250 0.781250 0.687500
kSlotsVisibleOn2 0.843750 0.636719 0.906250 0.667969
kSlotsVisibleOn3 0.906250 0.636719 0.968750 0.667969
kSlotsSlot 0.781250 0.695312 0.890625 0.718750
kSlotsSlotColor 0.906250 0.746094 1.000000 0.750000
kSlotsRemove 0.343750 0.488281 0.367188 0.500000
kSlotsSelected 0.578125 0.492188 0.593750 0.500000
kSlotsHandler 0.562500 0.484375 0.578125 0.500000
kSlotsSlider 0.625000 0.382812 0.656250 0.507812
kSlotsBack 0.000000 0.656250 0.156250 0.781250
kSlotsCreate 0.296875 0.488281 0.320312 0.500000
kMapTomb 0.484375 0.476562 0.531250 0.515625
kMapFlowerRed 0.671875 0.507812 0.718750 0.531250
kMapFlowerWhite 0.000000 0.500000 0.046875 0.523438
kMapFlowerBlue 0.625000 0.507812 0.671875 0.531250
kMapKorn 0.531250 0.468750 0.562500 0.515625
kMapSeed 0.859375 0.488281 0.906250 0.511719
kMapLeaf 0.718750 0.500000 0.750000 0.515625
kMapSelected1 0.953125 0.494141 0.984375 0.509766
kMapSelected2 0.250000 0.488281 0.273438 0.500000
kMapSelected0 0.742188 0.496094 0.750000 0.500000
kMapEdge 0.953125 0.509766 0.984375 0.511719
kCautionDesk 0.500000 0.750000 0.750000 0.812500
kCautionText 0.000000 0.000000 1.000000 1.000000
kConfirmationDesk 0.500000 0.750000 0.750000 0.812500
kConfirmationText 0.000000 0.000000 1.000000 1.000000
kConfirmationAccept 0.890625 0.667969 0.953125 0.699219
kConfirmationDecline 0.656250 0.625000 0.718750 0.656250
kFileDesk 0.500000 0.750000 0.750000 0.812500
kFileQuestion 0.000000 0.000000 1.000000 1.000000
kFileTextLabel 0.000000 0.000000 1.000000 1.000000
kFileTextBack 0.281250 0.718750 0.406250 0.726562
kFileAccept 0.890625 0.667969 0.953125 0.699219
kFileDecline 0.656250 0.625000 0.718750 0.656250
kTipInfoDesk 0.656250 0.687500 0.781250 0.750000
kTipInfoDeskPinBack 0.062500 0.562500 0.125000 0.593750
kTipInfoDeskPinPoint 0.250000 0.562500 0.312500 0.593750
kTipInfoText 0.000000 0.000000 1.000000 1.000000
kError 0.000000 0.000000 1.000000 1.000000
kConsoleText 0.000000 0.000000 1.000000 1.000000
kConsoleBack 0.250000 0.804688 0.500000 0.812500
kShadow 0.187500 0.539062 0.250000 0.570312
kPivot 0.312500 0.562500 0.375000 0.593750
kWireframeWindow 0.000000 0.000000 1.000000 1.000000
kWireframeWindowFrame 0.750000 0.750000 0.908203 0.812500
kWireframeWindowXpos 0.781250 0.492188 0.812500 0.507812
kWireframeWindowXneg 0.750000 0.492188 0.781250 0.507812
kWireframeWindowYpos 0.031250 0.484375 0.062500 0.500000
kWireframeWindowYneg 0.000000 0.484375 0.031250 0.500000
kWireframeWindowZpos 0.093750 0.484375 0.125000 0.500000
kWireframeWindowZneg 0.062500 0.484375 0.093750 0.500000
kTextRendererCursor 0.593750 0.492188 0.625000 0.507812
kTextRendererPrerenderSlot 0.000000 0.000000 1.000000 1.000000
kCursorRectangle 0.984375 0.496094 1.000000 0.503906
kCursorCircle 0.984375 0.503906 1.000000 0.511719
kCursorLasso 0.468750 0.500000 0.484375 0.507812
kCursorTweak 0.382812 0.492188 0.398438 0.500000
kCompass 0.281250 0.625000 0.343750 0.656250
kCompassNorth 0.125000 0.492188 0.156250 0.507812
kCompassSouth 0.156250 0.492188 0.187500 0.507812
kCompassWest 0.687500 0.492188 0.718750 0.507812
kCompassEast 0.718750 0.515625 0.750000 0.531250
kCursorTree 0.367188 0.492188 0.382812 0.500000
kLoading0 0.750000 0.968750 1.000000 1.000000
kLoading1 0.750000 0.937500 1.000000 0.968750
kLoading2 0.750000 0.906250 1.000000 0.937500
kLoading3 0.500000 0.875000 0.750000 0.906250
kLoading4 0.750000 0.875000 1.000000 0.906250
kLoading5 0.500000 0.843750 0.750000 0.875000
kLoading6 0.750000 0.843750 1.000000 0.875000
kLoading7 0.500000 0.812500 0.750000 0.843750
kLoading8 0.750000 0.812500 1.000000 0.843750
kLoading9 0.000000 0.781250 0.250000 0.812500
kLoading10 0.500000 0.906250 0.750000 0.937500
kLogoBig 0.281250 0.656250 0.406250 0.718750
kLogoMedium 0.375000 0.500000 0.437500 0.531250
kLogoSmall 0.718750 0.492188 0.734375 0.500000
kButtonsTextKeys 0.000000 0.000000 1.000000 1.000000
kButtonsTextMods 0.000000 0.000000 1.000000 1.000000
kSelectionSprite 0.000000 0.000000 1.000000 1.000000
kSelectionCircle 0.062500 0.593750 0.125000 0.625000
kSpare1 0.000000 0.000000 1.000000 1.000000
kSpare2 0.000000 0.000000 1.000000 1.000000
kSpare3 0.000000 0.000000 1.000000 1.000000
kSpare4 0.000000 0.000000 1.000000 1.000000
kSpare5 0.000000 0.000000 1.000000 1.000000
kSpare6 0.000000 0.000000 1.000000 1.000000
kSpare7 0.000000 0.000000 1.000000 1.000000
kSpare8 0.000000 0.000000 1.000000 1.000000
kSpare9 0.000000 0.000000 1.000000 1.000000
kSpare10 0.000000 0.000000 1.000000 1.000000
